Part1@Part2%LOADEXPERCH8_G0-9_26_1246
Part1@Part2%READYTOSTART
Part2@Part1%READYTOSTART
Part2@Part1%1425,1425,1425,1425,1425,1425,1425,1150,0,0,0,0,0,0,0,0,0,0,0,0,0,0,0,0,0,0,0,0,0,0,0,0,0,0,0,0,0,0,0,0,0,0,0,0,0,0,0,0,0,0,0,0,0,0,0,0,0,0,0,0,0,0,0,0,0,0,0,0,0,0,0,0,0,0,0,0,0,0,0,0,0,0,0,0,0,0,0,0,0,0,0,0,0,0,0,0,0,0,0,0,0,0,0,0,0,0,0,0,0,0,0,0,0,0,0,0,0,0,0,0,0,0,0,1173,1173,1173,1173,1173,947,0,0,0,0,0,0,0,0,0,0,0,0,0,0,0,0,0,0,0,0,0,0,0,0,0,0,0,0,0,0,0,0,0,0,0,0,0,0,0,0,0,0,0,0,0,0,0,0,0,0,0,0,0,0,0,0,0,0,0,0,0,0,0,0,0,0,0,0,0,0,0,0,0,0,0,0,0,0,0,0,0,0,0,0,0,0,0,0,0,0,0,0,0,0,0,0,0,0,0,0,0,0,0,0,0,0,0,0,0,0,0,0,0,0,0,0,0,0,0,0,0,0,0,0,0,0,993,993,993,993,993,993,993,0,0,0,0,0,0,0,0,827,827,827,827,827,827,827*5#1-2-0-5-3-4
Part1@Part2%3
Part1@Part2%614,614,614,614,614,614,614,614,614,614,614,614,614,614,614,614,614,614,614,614,614,614,614,0,0,0,0,0,0,0,0,0,0,0,0,0,0,0,0,0,0,0,0,0,0,0,0,0,0,0,0,0,0,0,0,0,0,0,0,0,0,0,0,0,0,0,0,0,0,0,0,0,0,0,0,0,0,0,0,0,0,0,0,0,0,0,0,0,0,0,0,0,0,0,0,0,0,0,0,0,0,0,0,0,0,0,0,845,845,845,845,845,845,845,845,845,845,845,845,845,845,845,845,845,845,845,845,845*4#1-0-2-5-3-4
Part2@Part1%4
Part2@Part1%1208,1208,1208,1208,1208,1208,1237,1237,1250,1250,1260,1278,1278,1297,1297,1315,1315,1335,1335,1355,1375,1375,1396,1417,1417,1436,1436,1456,1456,1471,1471,1480,1489,1489,1493,1497,1497,1498,1498,1500,1500,1496,1479,1479,1451,1451,1409,1358,1358,1300,1300,1234,1234,1164,1092,1092,1012,1012,917,847,847,770,770,770,770,770*10#0-11-1-2-9-10
Part1@Part2%10
Part1@Part2%1510,1510,1510,1510,1510,1510,1510,1510,1510,0,0,0,0,0,0,0,0,0,0,0,0,0,0,0,0,0,0,0,0,0,0,1034,1034,1034,1034,1034,0,0,0,0,0,0,0,0,0,0,0,840,840,840,840*3#3-1-0-5-4-2
Part2@Part1%5
