Part1@Part2%LOADEXPERCH4_G6-10_6_161930
Part2@Part1%READYTOSTART
Part1@Part2%READYTOSTART
Part1@Part2%NEXTROUND
Part2@Part1%NEXTROUND
Part2@Part1%NEXTROUND
Part1@Part2%NEXTROUND
Part1@Part2%NEXTROUND
Part2@Part1%NEXTROUND
Part2@Part1%NEXTROUND
Part1@Part2%NEXTROUND
Part1@Part2%READYTOSTART
Part2@Part1%READYTOSTART
Part2@Part1%628,628,628,628,628,628,628,628,628,628,628,640,640,650,660,660,669,669,678,678,691,704,704,713,722,722,722,730,738,738,746,756,756,765,765,774,782,782,791,791,802,802,811,823,823,832,841,854,854,854,858,858,858,858,858,858,0,0,0,0,0,0,0,0,0,0,0,0,0,0,0,0,0,0,0,0,0,0,0,0,0,0,0,0,0,0,0,0,0,0,0,0,0,0,0,0,0,0,0,0,0,0,0,0,0,0,0,0,0,0,0,0,0,0,0,0,0,0,0,0,0,0,0,0,0,0,0,0,0,0,0,0,0,0,0,0,0,0,0,0,0,0,0,0,0,0,0,0,0,0,0,0,0,0,0,0,0,0,0,0,0,0,0,0,0,0,0,0,0,0,0,0,0,0,0,0,0,0,0,0,908,908,908,908,908,908,935,935,953,970,970,987,987,1005,1024,1024,1042,1042,1057,1057,1057,1057,1057,1057*1#2-0-1-4-3-5
Part1@Part2%1
Part1@Part2%READYTOSTART
Part2@Part1%READYTOSTART
Part1@Part2%1623,1623,1623,1623,1623,1623,1623,1623,1623,1623,1623,1623,1623,1623,1623,1623,1623,1623,1623,1623,1623,1623,1623,1623,1623,1623,1623,1623,1623,1623,1623,1623,1623,1623,1623,1623,1623,1623,1623,1623,1623,1623,1623,1623,1623,1623,1623,1623,1623,1623,1623,1623,1623,1623,1623,1623,1623,1623,1623,1623,1623,1623,1623,1623,1623,1623,1623,1623,1623,1623,1623,1623,1623,1623,1623,1623,1623,1623,1623,1623,1623,1623,1623,1623,1623,1623,1623,1623,1623,1623,1623,1623,1623,1623,1623,1623,1623,1623,1623,1623,1623,1623,1623,1623,1623,1623,1623,1623,1623,1623,1623,1623,1623,1623,1623,1623,1623,1623,1623,1623,1623,1623,1623,1623,1623,1623,1623,1623,1623,1623,1623,1623,1623,1623,1623,1623,1623,1623,1623,1623,1623,1623,1623,1623,1623,1623,1623,1623,1623,1623,1623,1623,1623,1623,1623,1623,1623,1623,1623,1623,1623,1623,1623,1623,1623,1623,1623,1623,1623,1623,1623,1623,1623,1623,1623,1623,1623,1623,1623,1623,1623,1623,1623,1623,1623,1623,1623,1623,1623,1623,1623,1623,1623,1623,1623,1612,1612,1609,1608,1608,1607,1605,1605,1604,1604,1601,1596,1596,1594,1594,1589,1589,1576,1563,1563,1551,1537,1537,1537,1525,1514,1514,1503,1503,1493,1484,1484,1474,1474,1466,1460,1460,1453,1453,1449,1445,1445,1442,1442,1438,1438,1434,1431,1431,1427,1427,1425,1425,1425,1421,1418,1418,1417,1417,1415,1415,1413,1413,1412,1411,1411,1409,1409,1409,1408,1408,1408,1408,1408,1408,1408,1408,1408,1408,1408,1408,1408,1408,1408,1408,1408,1408,1408,1408,1411,1411,1412,1412,1413,1415,1415,1416,1416,1417,1417,1418,1420,1420,1421,1421,1425,1434,1434,1448,1457,1457,1473,1473,1484,1484,1493,1493,1503,1514,1522,1522,1531,1531,1536,1536,1541,1541,1545,1545,1550,1554,1554,1558,1558,1563,1567,1569,1569,1571,1571,1572,1572,1573,1574,1574,1574,1574,1574,1574,1574,1574,1574,1574,1574,1574,1574,1574,1574,1574,1574,1574,1574,1574,1574,1574,1574,1574,1574,1574,1574,1574,1574,1574,1574,1574,1574,1574,1574,1574,1574,1574,1574,1574,1574,1574,1574,1574,1574,1574,1574,1574,1574,1574,1574,1574,1574,1574,1574,1574,1574,1574,1574,1574,1574,1574,1574,1574,1574,1574,1574,1574,1574,1574,1574,1574,1574,1574,1574,1574,1574,1574,1574,1574,1574,1574,1574,1574,1574,1574,1574,1574,1574,1574,1574,1574,1574,1574,1574,1574,1574,1574,1574,1574,1574,1574,1574,1574,1574,1574,1574,1574,1574,1574,1574,1574,1574,1574,1574,1574,1574,1574,1574,1574,1574,1574,1574,1574,1574,1574,1574,1574,1574,1574,1574,1574,1574,1574,1574,1574,1574,1574,1574,1574,1574,1574,1574,1574,1574,1574,1574,1574,1574,1574,1574,1574,1574,1574,1574,1574,1574,1574,1574,1574,1574,1574,1574,1574,1574,1574,1574,1574,1574,1574,1574,1574,1574,1574,1574,1574,1574,1574,1574,1574,1574,1574,1574,1574,1574,1574,1574,1574,1574,1574,1576,1576,1576,1576,1576,1576,1577,1577,1577,1577,1578,1578,1578,1580,1580,1580,1581,1582,1582,1582,1582,1582,1582,1582,1583,1583,1583,1583,1583,1583,1583,1583,1583,1583,1583,1583,1583,1583,1583,1583,1583,1583,1583,1583,1583,1583,1583,1583,1583,1583,1583,1583,1582,1582,1581,1581,1577,1577,1574,1574,1572,1571,1571,1568,1565,1565,1563,1560,1560,1558,1558,1558,1555,1550,1550,1537,1524,1524,1510,1497,1497,1497,1482,1482,1473,1460,1460,1448,1448,1439,1433,1429,1429,1429,1425,1425,1425,1425,1425,1425,1425,1425,1425,1425,1425,1425,1425,1425,1425,1425,1425,1425,1425,1425,1425,1425,1425,1425,1426,1426,1426,1426,1426,1426,1426,1426,1427,1427,1427,1427,1429,1429,1429,1429,1429,1429,1429,1429,1429,1429,1429,1429,1429,1429,1429,1429,1429,1429,1430,1430,1430,1431,1431,1431,1431,1431,1433,1434,1434,1435,1436,1436,1438,1438,1439,1439,1439,1439,1439,1439,1439,1439,1439,1439,1439,1439,1439,1439,1439,1439,1439,1442,1443,1443,1444,1445,1445,1447,1447,1448,1461,1480,1480,1480,1502,1516,1516,1536,1536,1549,1549,1560,1560,1565,1569,1569,1573,1576,1576,1577,1577,1578,1578,1580,1580,1580,1580,1580,1580,1580,1580,1580,1581,1581,1581,1582,1585,1585,1585,1585,1585,1585,1585,1586,1586,1586,1587,1587,1587,1587,1587,1587,1587,1587,1589,1589,1589,1589,1589,1589,1589,1589,1589,1589,1589,1589,1589,1589,1589,1589,1589,1589,1589,1589,1589,1589,1589,1589,1589,1589,1589,1589,1589,1589,1589,1589,1589,1589,1589,1589,1589,1589,1589,1589,1589,1589,1589,1589,1589,1589,1589,1589,1589,1589,1589,1589,1589,1589,1589,1589,1589,1589,1589,1589,1589,1589,1589,1589,1589,1589,1589,1589,1589,1589,1589,1589,1589,1589,1589,1589,1589,1589,1590,1590,1590,1590,1590,1590,1590,1590,1590,1590,1590,1590,1591,1591,1591,1591,1591,1591,1591,1591,1591,1591,1591,1592,1592,1592,1592,1594,1594,1594,1594,1594,1594,1594,1594,1594,1594,1595,1595,1595,1596,1596,1598,1598,1598,1598,1598,1599,1599,1599,1600,1600,1600,1600,1600,1600,1600,1603,1604,1604,1604,1604,1604,1604,1604,1604,1605,1605,1607,1607,1607,1607,1608,1608,1609,1609,1609,1610,1613,1613,1613,1614,1616,1616,1617,1617,1618,1622,1622,1627,1636,1636,1636,1643,1649,1649,1654,1654,1657,1657,1657,1658,1661,1661,1661,1662,1662,1662,1662,1662,1662,1662,1662,1662,1662,1662,1662,1662,1662,1662,1662,1662,1662,1662,1662,1662,1662,1662,1662,1662,1662,1662,1662,1662,1662,1662,1662,1662,1662,1662,1662,1662,1662,1662,1662,1662,1662,1662,1662,1662,1662,1662,1662,1662,1662,1662,1662,1662,1662,1662,1662,1662,1662,1662,1662,1662,1662,1662,1662,1662,1662,1662,1662,1662,1662,1662,1662,1662,1662,1662,1662,1662,1659,1659,1658,1658,1654,1652,1652,1649,1645,1645,1641,1641,1639,1639,1636,1634,1634,1631,1627,1627,1623,1623,1618,1618,1610,1610,1599,1587,1587,1576,1563,1563,1552,1552,1546,1546,1541,1541,1540,1537,1537,1534,1532,1532,1531,1529,1529,1528,1527,1527,1527,1527,1527,1527,1527,1527,1525,1525,1525,1525,1525,1525,1525,1525,1525,1525,1525,1525,1525,1525,1525,1525,1525,1525,1525,1525,1525,1525,1524,1524,1524,1524,1524,1524,1524,1524,1524,1524,1524,1524,1524,1524,1524,1524,1524,1524,1524,1524,1524,1524,1524,1524,1524,1524,1524,1524,1524,1524,1525,1525,1527,1528,1528,1529,1529,1531,1532,1532,1533,1533,1534,1534,1537,1538,1538,1541,1541,1542,1542,1543,1545,1545,1546,1546,1547,1547,1547,1549,1549,1550,1551,1551,1552,1552,1552,1552,1554,1555,1555,1558,1559,1559,1559,1560,1563,1563,1565,1565,1572,1581,1592,1592,1603,1613,1613,1619,1619,1623,1623,1625,1626,1626,1627,1627,1627,1627,1627,1627,1627,1627,1627,1627,1627,1627,1626,1626,1626,1623,1622,1622,1622,1621,1621,1621,1619,1618,1618,1618,1617,1616,1616,1616,1616,1614,1614,1614,1614,1614,1614,1614,1614,1613,1613,1613,1613,1613,1613,1613,1613,1613,1613,1613,1613,1613,1613,1613,1613,1613,1613,1613,1613,1613,1613,1613,1613,1613,1613,1613,1613,1613,1613,1613,1613,1613,1613,1613,1613,1613,1613,1613,1613,1613,1613,1613,1613,1613,1613,1613,1613*6#5-6-7-4-0-3
Part2@Part1%6
Part1@Part2%READYTOSTART
Part2@Part1%READYTOSTART
Part2@Part1%743,743,743,743,743,743,743,743,743,743,743,743,743,743,743,743,743,743,743,743,743,743,743,743*2#0-4-5-2-1-3
Part1@Part2%2
Part1@Part2%READYTOSTART
Part2@Part1%READYTOSTART
Part1@Part2%1589,1589,1589,1589,1589,1589,1589,1589,1589,1589,1589,1589,1589,1589,1589,1589,1589,1589,1589,1589,1589,1589,1589,1589,1589,1589,1589,1589,1589,1589,1589,1589,1589,1589,1589,1589,1589,1589,1589,1589,1589,1589,1589,1589,1589,1589,1589,1589,1589,1589,1589,1589,1589*3#3-2-1-0-4-5
Part2@Part1%3
Part2@Part1%READYTOSTART
Part1@Part2%READYTOSTART
Part2@Part1%645,645,645,645,645,645,645,666,666,676,689,689,700,700,713,713,727,740,740,756,756,771,784,784,797,810,810,822,832,832,832,842,842,850,859,859,865,872,872,880,883,883,883,889,894,894,899,899,907,914,922,932,940,940,940,949,957,957,963,976,976,989,989,1002,1019,1019,1033,1033,1050,1050,1063,1072,1072,1085,1085,1096,1106,1106,1115,1115,1122,1122,1131,1139,1146,1146,1152,1152,1157,1157,1164,1164,1175,1183,1183,1190,1195,1195,1201,1201,1210,1210,1216,1226,1226,1237,1244,1244,1256,1256,1268,1268,1280,1280,1295,1308,1320,1320,1320,1331,1342,1342,1354,1354,1364,1369,1369,1375,1380,1380,1385,1385,1394,1394,1404,1404,1413,1417,1417,1421,1425,1425,1430,1435,1435,1435,1439,1443,1443,1445,1448,1448,1451,1451,1453,1457,1457,1464,1471,1471,1478,1478,1482,1482,1487,1487,1491,1496,1496,1502,1502,1506,1506,1511,1518,1518,1523,1523,1528,1536,1536,1543,1546,1546,1550,1550,1556,1556,1556,1556,1556,1556,1556,1556,1556,1556*0#0-4-1-2-5-3
Part1@Part2%4
Part2@Part1%READYTOSTART
Part1@Part2%READYTOSTART
Part1@Part2%1634,1634,1634,1634,1634,1634,1634,1634,1634,1634,1634,1634,1634,1634,1634,1634,1634,1634,1634,1634,1634,1634,1634,1634,1634,1634,1634,1634,1634,1634,1634,1634,1634,1634,1634,1634,1634,1634,1634,1634,1634,1634,1634,1634,1634,1634,1634,1634,1634,1634,1634,1634,1634,1634,1634,1634,1634,1634,1634,1634,1634,1634,1634,1634,1634,1634,1634,1634,1634,1634,1634,1634,1634,1634,1634,1634,1634,1634,1634,1634,1634,1634,1634,1634,1634,1634,1634,1634,1634,1634,1634,1634,1634,1634,1634,1634,1634,1634,1634,1634,1634,1634,1634,1634,1634,1634,1634,1634,1634,1634,1634,1634,1634,1634,1634,1634,1634,1634,1634,1634,1634,1634,1634,1634,1634,1634,1634,1634,1634,1634,1634,1634,1634,1634,1634,1634,1634,1634,1634,1634,1634,1634,1634,1634,1634,1634,1634,1634,1634,1634,1634,1634,1634,1634,1634,1634,1634,1634,1634,1634,1634,1634,1634,1634,1634,1634,1634,1634,1634,1634,1634,1634,1634,1634,1634,1634,1634,1634,1634,1634,1634,1634,1634,1634,1634,1634,1634,1634,1634,1634,1634,1634,1634,1634,1634,1634,1634,1634,1634,1634,1634,1634,1634,1634,1634,1634,1634,1634,1634,1634,1634,1634,1634,1634,1634,1634,1634,1634,1634,1634,1621,1621,1608,1608,1591,1591,1581,1565,1556,1556,1556,1549,1542,1542,1538,1538,1533,1529,1527,1524,1523,1523,1523,1522,1519,1518,1518,1516,1516,1515,1515,1514,1513,1513,1511,1511,1511,1511,1511,1511,1511,1511,1511,1511,1511,1511,1511,1511,1511,1511,1511,1511,1511,1511,1511,1511,1511,1511,1511,1511,1511,1511,1511,1511,1511,1511,1511,1511,1511,1511,1511,1511,1511,1511,1511,1511,1511,1511,1511,1511,1511,1511,1511,1511,1511,1511,1511,1511,1511,1511,1511,1511,1511,1511,1511,1511,1511,1514,1515,1515,1516,1516,1519,1519,1519,1520,1520,1522,1522,1523,1523,1524,1524,1529,1541,1552,1552,1552,1564,1572,1572,1578,1578,1581,1581,1585,1587,1587,1589,1590,1590,1591,1591,1592,1592,1594,1594,1595,1596,1600,1600,1603,1603,1605,1605,1605,1607,1607,1607,1607,1607,1607,1607,1607,1607,1607,1607,1607,1607,1607,1607,1607,1607,1607,1607,1607,1607,1607,1607,1607,1607,1607,1607,1607,1607,1607,1607,1607,1607,1608,1608,1608,1608,1608,1608,1608,1608,1608,1608,1608,1609,1609,1609,1609,1609,1609,1609,1609,1609,1609,1609,1609,1609,1609,1609,1609,1609,1609,1609,1609,1609,1609,1609,1609,1609,1609,1609,1609,1609,1609,1609,1609,1609,1609,1609,1609,1609,1609,1609,1609,1609,1609,1609,1609,1609,1609,1609,1609,1609,1609,1609,1609,1609,1609,1609,1609,1609,1609,1609,1609,1609,1609,1609,1609,1609,1609,1609,1609,1609,1609,1609,1609,1609,1609,1609,1609,1609,1609,1609,1609,1609,1609,1609,1609,1609,1609,1609,1609,1609,1609,1609,1609,1609,1609,1609,1609,1609,1609,1609,1609,1609,1609,1609,1609,1609,1609,1609,1609,1609,1609,1609,1609,1609,1609,1609,1609,1609,1609,1609,1609,1609,1609,1609,1609,1609,1609,1609,1609,1609,1609,1609,1609,1609,1609,1609,1609,1609,1609,1609,1607,1607,1605,1605,1604,1601,1601,1600,1600,1596,1594,1594,1590,1590,1586,1586,1580,1571,1571,1559,1550,1550,1542,1542,1536,1529,1529,1524,1524,1519,1519,1514,1506,1506,1500,1500,1491,1491,1487,1483,1483,1479,1476,1476,1474,1474,1471,1469,1469,1469,1460,1460,1453,1453,1445,1439,1439,1436,1434,1434,1434,1433,1433,1431,1430,1430,1430,1430,1430,1430,1430,1430,1430,1430,1430,1430,1430,1430,1430,1430,1430,1430,1430,1430,1430,1430,1430,1430,1431,1431,1431,1431,1431,1431,1431,1431,1431,1431,1431,1431,1431,1431,1431,1433,1433,1433,1433,1433,1433,1433,1433,1434,1434,1434,1434,1434,1434,1434,1434,1434,1434,1434,1434,1435,1435,1435,1435,1435,1435,1435,1435,1435,1435,1435,1436,1436,1436,1436,1438,1438,1438,1438,1438,1439,1439,1439,1439,1439,1439,1439,1439,1439,1440,1440,1442,1442,1442,1442,1442,1442,1442,1442,1442,1444,1444,1444,1447,1447,1447,1447,1447,1447,1447,1447,1448,1449,1449,1451,1451,1454,1454,1454,1454,1456,1458,1458,1460,1460,1460,1467,1474,1474,1480,1480,1485,1485,1491,1494,1494,1496,1496,1498,1500,1500,1502,1502,1503,1503,1505,1506,1507,1507,1507,1511,1514,1514,1518,1518,1523,1528,1528,1534,1540,1540,1545,1545,1549,1549,1551,1551,1552,1554,1554,1555,1559,1559,1559,1561,1565,1565,1569,1572,1572,1574,1574,1577,1578,1578,1578,1580,1581,1582,1583,1586,1587,1587,1589,1589,1590,1590,1591,1592,1592,1596,1596,1600,1600,1600,1600,1603,1604,1604,1605,1605,1607,1607,1607,1607,1607,1608,1608,1608,1608,1608,1608,1608,1608,1608,1608,1608,1608,1608,1608,1608,1608,1608,1609,1609,1609,1609,1609,1609,1609,1609,1609,1609,1609,1609,1609,1609,1609,1609,1609,1609,1609,1609,1609,1609,1609,1609,1609,1609,1609,1609,1609,1609,1609,1609,1609,1609,1609,1609,1609,1609,1609,1609,1609,1609,1609,1609,1609,1609,1609,1609,1609,1609,1609,1609,1609,1609,1609,1609,1609,1609,1609,1609,1609,1609,1609,1609,1609,1609,1609,1609,1609,1609,1609,1609,1609,1609,1609,1609,1609,1609,1609,1609,1609,1609,1609,1609,1609,1609,1609,1609,1609,1609,1609,1609,1609,1609,1609,1609,1609,1609,1609,1609,1609,1609,1609,1609,1609,1609,1609,1609,1609,1609,1609,1609,1609,1609,1609,1609,1609,1609,1609,1609,1609,1609,1609,1609,1609,1609,1609,1609,1609,1609,1609,1609,1609,1609,1609,1609,1609,1609,1609,1609,1609,1609,1609,1609,1608,1608,1608,1607,1607,1607,1605,1605,1605,1605,1603,1601,1601,1600,1599,1599,1599,1599,1598,1598,1595,1594,1594,1592,1592,1589,1589,1589,1585,1585,1580,1580,1571,1561,1561,1555,1550,1550,1546,1546,1543,1543,1541,1541,1536,1533,1533,1532,1532,1528,1525,1525,1522,1522,1519,1519,1511,1506,1506,1503,1501,1501,1500,1500,1498,1498,1498,1498,1498,1498,1498,1498,1498,1498,1498,1498,1498,1498,1498,1498,1498,1498,1498,1498,1498,1498,1498,1498,1498,1498,1498,1498,1498,1498,1498,1498,1498,1498,1498,1498,1498,1498,1498,1498,1498,1498,1498,1498,1498,1498,1498,1498,1498,1498,1498,1498,1501,1501,1502,1502,1502,1502,1502,1502,1502,1502,1502,1503,1503,1503,1503,1503,1503,1505,1505,1506,1506,1506,1506,1506,1506,1506,1506,1507,1507,1507,1507,1509,1509,1509,1509,1511,1511,1511,1513,1513,1513,1513,1513,1513,1513,1513,1513,1513,1513,1513,1513,1514,1514,1515,1515,1515,1515,1515,1515,1516,1516,1516,1516,1516,1516,1516,1516,1516,1518,1518,1518,1519,1519,1519,1519,1519,1520,1520,1520,1520,1520,1520,1522,1522,1522,1522,1522,1522,1524,1525,1527,1527,1527,1527,1528,1529,1529,1529,1531,1531,1536,1536,1542,1542,1552,1552,1560,1567,1567,1573,1573,1576,1576,1577,1578,1578,1580,1580,1581,1582,1582,1583,1585,1585,1587,1587,1591,1591,1599,1605,1605,1610,1610,1616,1619,1619,1623,1623,1627,1630,1630,1635,1635,1639,1643,1643,1645,1645,1648,1649,1649,1649,1650,1650,1650,1650,1650,1650,1650,1650,1650,1650,1650,1650,1650,1650,1650,1650,1650,1650,1650,1650,1650,1650,1650,1650,1650,1650,1650,1650,1650,1650,1650,1650,1650,1650,1650,1650,1650,1650,1650,1650,1650,1650,1650,1650,1650,1650,1650,1650,1650,1650,1650,1650,1650,1650,1650,1650,1650,1650,1650,1650,1650,1650,1650,1650,1650,1650,1650,1650,1650,1650,1650,1650,1650,1650,1650,1650,1650,1650,1650,1650,1650,1650,1650,1650,1650,1650,1650,1650,1650,1650,1650,1650,1650,1650,1650,1650,1650,1650,1650,1650*7#3-4-2-1-7-5
Part2@Part1%7
Part1@Part2%READYTOSTART
Part2@Part1%READYTOSTART
Part2@Part1%617,617,617,617,617,617,617,632,632,646,664,664,688,711,711,729,729,729,729,729,729,729,729,0,0,0,0,0,0,0,0,0,899,899,899,899,899,918,918,938,957,957,983,983,1007,1007,1028,1047,1047,1047,1047,1047,1047,1047,1047,1047,1047,0,0,0,0,0,0,1168,1190,1206,1206,1248,1271,1271,1271,1271,1271,1271,1271,1271,0,0,0,0,0,0,0,0,1456,1471,1503,1523,1540,1540,1549,1549,1549,1549,1549,1549,1549,1549*5#6-1-7-2-5-0
Part1@Part2%1
Part1@Part2%READYTOSTART
Part2@Part1%READYTOSTART
Part1@Part2%533,533,533,533,533,533,533,533,533,533,533,533,533,533,533,533,533,533,533,533,533,533,533,533,533,533,533,533,533,533,533,533,533,533,533,533,533,533,533,533,533,533,533,533,533,533,533,533,533,533,533,533,533,533,533,533,533,533,533,533,533,533,533,533,533,533,533,533,533,533,533,533,533,533,533,533,533,533,533,533,533,533,533,533,533,533,533,533,533,533,533,533,533,533,533,533,533,533,533,533,533,533,533,533,533,533,533,533,533,533,533,533,533,533,533,533,533,533,533,533,533,533,533,533,533,533,533,533,533,533,533,533,533,533,533,533,533,533,533,533,533,533,533,533,533,533,533,533,533,533,533,533,533,533,533,533,533,533,533,533,533,533,533,533,533,533,533,533,533,533,533,533,533,533,533,533,533,533,533,533,533,533,533,533,533,533,533,533,533,533,533,533,533,533,533,533,533,533,533,533,533,533,533,533,533,533,533,533,533,533,533,533,533,533,533,533,533,533,533,533,533,533,533,533,533,533,520,520,520,520,520,520,520,520,520,520,520,520,520,520,520,520,520,520,520,520,520,520,520,520,520,520,520,520,520,520,520,520,520,520,520,520,520,520,520,520,520,520,520,520,520,520,520,520,520,520,520,520,520,520,520,520,520,520,520,520,520,520,520,520,520,520,520,520,520,520,520,520,520,520,520,520,520,520,520,520,520,520,520,520,520,520,520,520,520,520,520,520,520,520,520,520,520,520,520,520,520,520,520,520,520,520,520,520,520,520,520,520,520,520,520,520,520,520,520,520,520,520,520,520,520,520,520,520,520,519,519,517,517,517,517,517,517,517,517,517,517,517,517,517,517,517,517,517,517,517,517,517,517,517,517,517,517,517,517,517,517,517,517,517,517,517,517,517,517,517,517,517,517,517,517,517,517,517,517,517,517,517,517,517,517,517,517,517,517,517,517,517,517,517,517,517,517,517,517,517,517,517,517,517,517,517,517,517,517,517,517,517,517,517,517,517,517,517,517,517,517,517,517,517,517,517,517,517,517,517,517,517,517,517,517,517,517,517,517,517,517,517,517,517,517,517,517,519,519,519,519,519,519,519,519,519,519,519,519,519,519,519,520,520,520,520,520,520,520,520,520,520,520,521,521,521,521,523,525,525,525,526,526,526,529,530,530,532,532,533,535,539,539,539,547,547,556,566,566,575,575,584,591,591,596,596,597,599,599,599,599,601,601,601,601,601,601,601,601,601,601,601,601,601,601,601,601,601,601,601,601,601,601,601,601,601,601,601,601,601,601,601,601,601,601,601,601,601,601,601,601,601,601,600,600,600,600,600,600,600,600,600,600,600,600,600,600,600,599,599,597,596,596,596,596,596,593,593,592,592,591,591,590,588,588,587,586,586,584,584,583,583,582,581,581,581,579,579,579,579,577,577,575,575,575,575,575,573,571,571,571,571,570,570,569,569,569,568,568,566,562,562,560,560,557,557,555,552,550,550,550,546,544,544,543,543,542,542,539,539,538,538,538,537,535,535,535,535,535,534,534,534,533,533,533,533,532,532,529,529,529,529,528,528,526,526,525,525,525,525,524,524,524,524,524,524,524,524,524,524,524,524,524,524,524,524,524,524,524,524,524,524,524,524,524,524,524,524,524,524,524,524,524,524,524,524,524,524,524,524,524,524,524,524,524,525,525,525,525,525,525,525,525,525,525,526,526,526,526,526,526,526,526,526,526,526,526,526,526,526,526,526,526,526,526,526,526,526,526,526,526,526,526,526,526,526,526,526,526,526,526,526,526,526,526,526,526,526,526,526,526,526,526,526,526,526,526,526,526,526,526,526,526,526,526,526,528,528,528,528,528,528,528,528,528,528,528,528,528,528,528,528,528,528,528,528,528,528,528,528,528,528,528,528,528,529,529,529,529,529,529,529,529,529,529,529,529,529,529,529,529,529,529,529,529,529,529,529,529,529,529,529,529,529,529,529,529,529,529,529,529,529,529,529,530,530,530,530,530,533,533,533,533,533,533,533,533,533,533,533,533,533,533,533,533,533,533,533,534,534,534,534,534,534,534,534,534,534,534,534,534,534,534,534,534,534,534,534,534,534,534,534,534,534,534,534,534,534,534,534,534,534,534,534,534,534,534,534,534,534,534,535,535,537,537,537,538,539,542,548,548,561,592,592,631,681,749,749,842,842,913,1002,1002,1082,1082,1139,1188,1188,1188,1220,1231,1231,1235,1235,1235,1229,1229,1224,1201,1201,1104,1104,1077,1077,941,941,922,860,860,798,749,749,713,686,686,686,667,651,651,641,641,635,631,631,629,629,629,632,649,649,649,682,740,740,797,797,871,959,959,1027,1137,1137,1219,1219,1282,1282,1319,1341,1341,1346,1349,1349,1349,1349,1346,1346,1329,1262,1262,1219,1219,1130,1095,1095,1030,1030,987,987,920,859,796,796,796,742,703,703,682,682,673,673,673,675,675,693,735,735,796,796,895,895,969,1050,1050,1146,1215,1215,1268,1268,1296,1306,1306,1309,1306,1306,1289,1239,1239,1239,1175,1091,1091,1021,1021,938,832,832,757,668,668,668,608,586,586,581,577,577,574,574,574,574,574,574,574,577,577,578,578,579,581,581,584,587,587,587,587,587,587,587,587*4#6-7-1-0-3-4
Part2@Part1%7
Part1@Part2%READYTOSTART
Part2@Part1%READYTOSTART
Part2@Part1%524,524,524,524,524,524,524,524,524,524,524,524,524,524,524,524,524,524,524,524,524,524,524,524,524,524,524,524,524,524,524,524,524,524,524,524,524,524,524,524,524,524,524,524,524,524,524,524,524,524,524,524,524,524,524,524,524,524,524,524,524,524,524,524,524,524,524,524,524,524,524,524,524,524,524,524,524,524,524,524,524,524,524,524,524,524,524,524,524,524,524,524,524,524,524,524,524,524,524,524,524,524,524,524,524,524,524,524,524,524,524,524,524,524,524,524,524,524,524,524,524,524,524,524,524,524,524,524,524,524,524,524,524,524,524,524,524,524,524,524,524,524,524,524,524,524,524,524,524,524,524,524,524,524,524,524,524,524,524,524,524,524,524,524,524,524,524,524,524,524,524,524,524,524,524,524,524,524,524,524,524,524,524,524,524,524,524,524,524,524,524,524,524,524,524,524,524,524,524,524,524,524,524,524,524,524,524,524,524,524,524,524,524,524,524,524,524,524,524,524,524,524,524,524,524,524,524,524,524,524,524,524,524,524,524,524,524,524,524,524,524,524,524,524,524,524,524,524,524,524,524,524,524,524,524,524,524,524,524,524,524,524,524,524,524,524,524,524,524,524,524,524,524,524,524,524,524,524,524,524,524,524,524,524,524,524,524,524,524,524,524,524,524,524,524,524,524,524,524,524,524,524,524,524,524,524,524,524,524,524,524,524,524,524,524,524,524,524,524,524,524,524,524,524,524,524,524,524,524,524,524,524,524,524,524,524,524,524,524,524,524,524,524,524,524,524,524,524,641,641,641,641,675,675,708,743,765,765,765,765,765,765,765,765,765,765,765,765,765,944,979,979,979,979,979,979,979,979,979,979,979,979,979,979,979,979,1195,1241,1260,1269,1269,1269,1269,1269,1269,1269,1269,1269,1269,1269,1269,1269,1269,1269,1269,1269,1269,1516,1542,1542,1542,1542,1542,1542,1542,1542,1542,1542,1542,1542,1542,1542,1542,1542,1542,1542,1542,1542,1542,1542,1542,1542,1542,1542,1542,1542,1542,1542,1542,1542,1542,1542,1542,1542,1542,1542,1542,1542,1542,1542,1542,1542,1542,1542,1542,1542,1542,1542,1542,1542,1542,1542,1542,1542,1542,1542,1542,1542,1542,1542,1542,1542,1542,1542,1542,1542,1542,1542,1542,1542,1542,1542,1542,1542,1542,1542,1542,1542,1542,1542,1542,1542,1542,1542,1542,1542,1542,1542,1542,1542,1542,1542,1542,1542,1542,1542,1542,1542,1542,1542,1542,1542,1542,1542,1542,1542,1542,1542,1542,1542,1542,1542,1542,1542,1542,1542,1542,1542,1542,1542,1542,1542,1542,1542,1542,1542,1542,1542,1542,1542,1542,1542,1542,1542,1542,1542,1542,1542,1542,1542,1542,1542,1542,1542,1542,1542,1542,1542,1542,1542,1542,1542,1542,1542,1542,1542,1542,1542,1542,1542,1542,1542,1542,1542,1542,1542,1542,1542,1542,1542,1542,1542,1542,1542,1542,1542,1542,1542,1542,1542,1542,1542,1542,1542,1542,1542,1542,1542,1542,1542,1542,1542,1542,1542,1542,1542,1542,1542,1542,1542,1542,1542,1542,1542,1542,1542,1542,1542,1542,1542,1542,1542,1542,1542,1542,1542,1542,1542,1542,1542,1542,1542,1542,1542,1542,1542,1542,1542,1542,1542,1542,1542,1542,1542,1542,1542,1542,1542,1542,1542,1542,1542,1542,1542,1542,1542,1542,1542,1542,1542,1542,1542,1542,1542,1542,1542,1542,1542,1542,1542,1542,1542,1542,675,675,675,675,675,675,675,675,675,675,675,675,675,675,675,675,675,675,675,675,675,675,675,675,675,675,675,675,675,675,675,675,675,675,675,675,675,675,675,675,675,675,675,675,675,675,675,675,675,675,675,711,711,806,806,862,891,891,891,891,891,891,891,891,891,891,891,891,891,891,891,1043,1043,1057,1082,1113,1145,1163,1163,1163,1163,1163,1163,1163,1163,1163,1163,1163,1163,1163,1163,1163,1163,1163,1163,1163,1306,1359,1371,1371,1371,1371,1371,1371,1371,1371,1371,1371,1371,1371,1371,1371,1371,1371,1371,1371,1371,1371,1371,1371,1371,1371,1371,1371,1371,1371,1371,1371,1371,1371,1371,1371,1371,1371,1371,1371,1371,1371,1371,1371,1371,1371,1371,1371,1371,1371,1371,1371,1371,1371,1371,1371,1371,1371,1371,1371,1371,1371,1371,1371,1371,1371,1371,1371,1371,1371,1371,1371,1371,1371,1371,1371,1371,1371,1371,1371,1371,1371,1371,1371,1371,1371,1371,1371,1371,1371,1371,1371,1371,1371,1371,1371,1371,1371,1371,1371,1371,1371,1371,1371,1371,1371,1371,1371,1371,1371,1371,1371,1371,1371,1371,1371,1371,615,655,713,713,713,713,713,713,713,713,713,713,713,713,713,713,713,713,929,941,941,967,967,1001,1001,1036,1056,1056,1056,1056,1056,1056,1056,1056,1056,1056,1056,1056,1056,1056,1056,1056,1056,1056,1056,1056,1056,1056,1056,1056,1056,1056,1056,1056,1056,1056,1056,1056,1056,1056,1056,1056,1056,1056,1056,1056,1056,1056,1056,1056,1056,1056,1056,1056,1056,1056,1056,1056,1056,1056,1056,1056,1056,1056,588,588,615,615,640,660,660,660,671,671,671,671,671,671,671,671,671,671,671,671,671,671,671,671,671,671,671,671,671,671,671,671,671,671,671,671,671,671,671,671,671,671,671,671,671,671,671,671,671,671,671,671,671,671,671,671,671,671,671,671,671,671,671,671,671,671,671,671,671,671,671,671,671,671,671,671,671,671,671,671,671,671,671,671,671,671,671,671,671,671,671,671,671,671,671,671,671,671,671,671,671,671,671,671,671,671,671,671,671,671,671,671,671,671,671,671,671,671,671,671,671,671,671,671,671,671,671,671,671,671,671,671,671,671,671,671,671,671,671,671,671,671,671,671,671,671,671,671,671,671,671,671,671,671,671,671,671,671,671,671,671,671,671,671,671,671,671,671,671,671,671,671,671,671,671,671,671,671,671,671,671*1#2-6-7-1-0-5
Part1@Part2%2
Part1@Part2%READYTOSTART
Part2@Part1%READYTOSTART
Part1@Part2%1641,1641,1641,1641,1641,1641,1641,1641,1641,1641,1641,1641,1641,1641,1641,1641,1641,1641,1641,1641,1641,1641,1641,1641,1641,1641,1641,1641,1641,1641,1641,1641,1641,1641,1641,1641,1641,1641,1641,1641,1641,1641,1641,1641,1641,1641,1641,1641,1641,1641,1641,1641,1641,1641,1641,1641,1641,1641,1641,1641,1641,1641,1641,1641,1641,1641,1641,1641,1641,1641,1641,1641,1641,1641,1641,1641,1641,1641,1641,1641,1641,1641,1641,1641,1641,1641,1641,1641,1641,1641,1641,1641,1641,1641,1641,1641,1641,1641,1641,1641,1641,1641,1641,1641,1641,1641,1641,1641,1632,1632,1631,1630,1630,1629,1629,1626,1622,1622,1613,1613,1573,1524,1475,1475,1475,1442,1442,1416,1399,1399,1399,1399,1396,1398,1398,1420,1420,1462,1506,1506,1555,1555,1600,1600,1650,1650,1659,1659,1661,1661,1661,1661,1661,1661,1659,1659,1656,1656,1653,1653,1630,1630,1612,1590,1590,1569,1556,1556,1546,1543,1543,1543,1542,1542,1542,1542,1542,1543,1547,1547,1569,1590,1590,1599,1599,1614,1614,1618,1622,1622,1622,1623,1625,1625,1625,1625,1625,1625,1625,1625,1623,1623,1623,1623,1623,1623,1623,1622,1622,1622,1622,1622,1622,1622,1622,1622,1622,0,0,0,0,0,0,0,0,0,0,0,0,0,0,0,0,1513,1513,1529,1529,1529,1558,1583,1583,1609,1609,1650,1663,1665,1665,1665,1665,1665,1665,1665,0,0,0,0,0,0,0,0,0,0,0,0,0,0,0,0,0,0,0,0,0,0,0,0,0,0,0,0,0,0,0,0,0,0,0,0,0,0,1524,1524,1524,1524,1564,1596,1596,1622,1653,1653,1698,1698,1728,1742,1742,1742,1742,1742,1742,1742,1742,0,0,0,0,0,0,0,0,0,0,0,0,0,0,0,0,0,0,0,0,0,0,0,0,0,0,0,0,0,0,0,0,0,0,0,0,0,1527,1527,1527,1547,1574,1574,1599,1599,1625,1625,1650,1685,1685,1711,1711,1711,1711,1711,1711,1711,0,0,0,0,0,0,0,0,0,0,0,0,0,0,0,0,0,0,0,0,0,0,0,0,0,0,0,1623,1623,1623,1623,1623,1623,1623,1623,1623,1623,1623,1623,1623,1623,1623,1623,1623,1623,1623,1623,1623,1623,1623,1623,1623,1623,1623,1623,1623,1623,1623,1623,1623,1623,1623,1623,1623,1623,1623,1623,1623,1623,1623,1623,1623,1623,1623,1623,1623,1623,1623,1623,1623,1623,1623,1623,1623,1623,1623,1623,1623,1623,1623,1623,1623,1623,1623,1623,1623,1623,1623,1623,1623,1623,1623,1623,1623,1623,1623,1623,1623,1623,1623,1623,1623,1623,1623,1623,1623,1623,1623,1623,1623,1623,1623,1623,1623,1623,1623,1623,1623,1623,1623,1623,1623,1623,1623,1623,1623,1623,1623,1604,1604,1578,1541,1541,1541,1501,1501,1461,1438,1438,1424,1420,1420,1420,1420,1420,1420,1420,1420,1420,0,0,0,0,0,0,0,0,0,0,0,0,0,0,0,0,0,0,0,0,0,0,0,0,0,0,0,0,0,0,0,0,0,0,0,0,0,0,0,0,0,0,0,0,0,0,0,0,0,0,0,0,0,0,0,0,0,0,0,0,0,0,0,0,1629,1629,1629,1629,1629,1629,1608,1590,1567,1567,1547,1547,1528,1516,1516,1503,1503,1498,1498,1496,1498,1498,1500,1500,1500,1500,1500,1500,0,0,0,0,0,0,0,0,0,0,0,0,0,0,0,0,0,0,0,0,0,0,0,0,0,0,0,0,0,0,0,0,0,0,0,0,0,0,0,0,0,0,0,0,0,0,0,0,0,0,0,0,0,0,0,0,0,0,1650,1650,1650,1650,1631,1631,1604,1580,1547,1547,1505,1505,1475,1475,1452,1452,1436,1430,1427,1427,1427,1427,1427,1427,0,0,0,0,0,0,0,0,0,0,0,0,0,0,0,0,0,0,0,0,0,0,0,0,0,0,0,0,0,0,0,0,0,0,0,0,0,0,0,0,0,0,0,0,0,0,1630,1630,1630,1617,1617,1604,1604,1590,1590,1552,1552,1552,1536,1522,1507,1507,1507,1496,1488,1488,1479,1479,1476,1476,1476,1476,1476,1476,1476,1476,1476,0,0,0,0,0,0,0,0,0,0,0,0,0,0,0,0,0,0,0,0,0,0,0,0,0,0,0,0,0,0,0,0,0,0,0,0,0,0,0,0,0,0,0,0,0,0,0,0,0,0,0,1649,1649,1649,1649,1649,1649,1649,1649,1649,1649,1649,1649,1649,1649,1649,1649,1649,1649,1649,1649,1649,1649,1649,1649,1649,1649,1649,1649,1649,1649,1649,1649,1649,1649,1649,1649,1649,1649,1649,1649,1649,1649,1649,1649,1649,1649,1649,1649,1649,1649,1649,1649,1649,1649,1649,1649,1649,1649,1649,1649,1649,1649,1649,1649,1649,1649,1649,1649,1649,1649,1649,1649,1649,1649,1649,1649,1649,1649,1649,1649,1649,1649,1649,1649,1649,1649,1649,1649,1649,1649,1649,1649,0,0,0,0,0,0,0,0,0,0,0,0,0,1583,1583,1583,1583,1583,1583,1583,1583,1583,1583,1583,1583,1583,1583,1583,1583,1583,1583,1583,1583,1583,1583,1583,1583,1583,1583,1583,1583,1583,1583,1583,1583,1583,1583,1583,1583,1583,1583,1583,1583,1583,1583,1583,1583,1583,1583,1583,1583,1583,1583,1583,1583,1583,1583,1583,1583,1583,1583,1583,1583,1583,1583,1583,1583,1583,1583,1583,1583,1583,1583,1583,1583,1583,1583,1583,1583,1583,1583,1583,1583,1583,1583,1583,1583,1583,1583,1583,1583,1583,1583,1583,1583,1583,0,0,0,0,0,0,0,0,0,0,0,0,0,1537,1537,1537,1537,1537,1537,1537,1537,1537,1537,1537,1537,1537,1537,1537,1537,1537,1537,1537,1537,1537,1537,1537,1537,1537,1537,1537,1537,1537,1537,1537,1537,1537,1537,1537,1537,1537,1537,1537,1537,1537,1537,1537,1537,1537,1537,1537,1537,1537,1537,1537,1537,1537,1537,1537,1537,1537,1537,1537,1537,1537,1537,1537,1537,1537,1537,1537,1537,1537,1537,1537,1537,1537,1537,1537,1537,1537,1537,1537,1537,1537,1537,1537,1537,1537,1537,1537,1537,1537,1537,1537,1537,1537,1537,1537,1537,1537,1537,0,0,0,0,0,0,0,0,0,1666,1666,1666,1666,1666,1666,1666,1666,1666,1666,1666,1666,1666,1666,1666,1666,1666,1666,1666,1666,1666,1666,0,0,0,0,1531,1531,1531,1531,1531,1531,1531,1531,1531,1531,1531,1531,1531,0,1581,1581,1581,1581,1581,1581,1581,1581,1581,1581,1581,1581,1581,1581,0,0,1636,1636,1636,1636,1636,1636,1636,1636,1636,0,0,0,1626,1626,1626,1626,1626,1626,1626,1626,1626,1626,0,1631,1631,1631,1631,1631,1631,1631,0,1635,1635,1635,1635,1635,1635,1635,1635,1635,1634,1634,1634,1634,1634,1634,1634,1634,1634,1634,1638,1638,1638,1638,1638,0,0,0,1634,1634,1634,0,0,1656,1656,1656,1656,1656,1656,1656,1656,0,0,0,0,0,0,1648,1648,1648,1648,1648,1648,1648,0,0,0,0,1648,1648,1648,1648,1648,1648,1648,1648,1648,1648,0,1645,1645,1645,0,1649,1649,1649,1649,1649,1649,1649,1649,1649,1649,1649,1649,1649,1649*4#7-0-4-6-2-1
Part2@Part1%4
Part2@Part1%READYTOSTART
Part1@Part2%READYTOSTART
Part2@Part1%1649,0,0,0,0,0,0,0,0,0,0,0,0,0,0,0,0,0,0,0,0,0,0,0,0,0,0,0,0,0,0,0,0,0,0,0,0,0,0,0,0,0,0,0,0,0,0,0,0,0,0,0,0,0,0,0,0,0,0,0,0,0,0,0,0,0,0,0,0,0,0,0,0,0,0,0,0,0,0,0,0,0,0,0,0,0,0,0,0,0,0,0,0,0,0,0,0,0,0,0,0,0,0,0,0,0,0,0,0,0,0,0,0,0,0,0,0,0,0,0,0,0,0,0,0,0,0,0,0,0,0,0,0,0,0,0,0,0,0,0,0,0,0,0,0,0,0,0,0,0,0,0,0,0,0,0,0,0,0,0,0,0,0,0,0,0,0,0,0,0,0,0,0,0,0,0,0,0,0,0,0,0,0,0,0,0,0,0,0,0,0,0,0,0,0,0,0,0,0,0,0,0,0,0,0,0,0,0,0,0,0,0,0,0,0,0,0,0,0,0,0,0,0,0,0,0,0,0,0,0,0,0,0,0,0,0,0,0,0,0,0,0,0,0,0,0,0,0,0,0,0,0,0,0,0,0,0,0,0,0,0,0,0,0,0,0,0,0,0,0,0,0,0,0,0,0,0,0,0,0,0,0,0,0,0,0,0,0,0,0,0,0,0,0,0,0,0,0,0,0,0,0,0,0,0,0,0,0,0,0,0,0,0,0,0,0,0,0,0,0,1656,1656,1656,1656,1644,1632,1621,1608,1594,1580,1560,1560,1542,1522,1522,1501,1483,1464,1439,1420,1420,1400,1400,1381,1362,1362,1320,1300,1282,1260,1243,1243,1222,1203,1203,1184,1184,1166,1166,1146,1128,1128,1110,1096,1096,1081,1069,1069,1054,1054,1039,1023,1023,1010,1010,996,984,984,972,972,961,953,943,943,934,934,923,912,912,891,867,840,818,788,762,748,748,748,748,748,748,748,748,748,748,748,748,748,748,748,748,748,748,748,748,748,748,748,748,748,748,748,748,748,748,748,748,748,748,748,748,748,748,748,748,748,748,748,748,748,748,748,748,748,748,748,748,748,748,748,748,748,748,748,748,748,748,748,748,748,748,748,748,748,748,748,748,748,748,748,748,748,748,748,748,748,748,748,748,748,748,748,748,748,748,748,748,748,748,748,748,748,748,748,748,748,748,748,748,748,748,748,748,748,748,748,748,748,748,748,748,748,748,748,748,748,748,748,748,748,748,748,748,748,748,748,748,748,748,748,748,748,748,748,748,748,748,748,748,748,748,748,748,748,748,748,748,748,748,748,748,748,748,748,748,748,748,748,748,748,748,748,748,748,748*6#7-6-0-1-2-3
Part1@Part2%1
Part1@Part2%READYTOSTART
Part2@Part1%READYTOSTART
Part1@Part2%859,859,859,859,859,859,859,859,859,859,859,859,859,859,859,859,859,0,0,0,0,0,0,0,0,0,0,0,0,0,0,0,0,0,0,0,0,0,0,0,0,0,0,800,800,800,800,800,800,800,800,800,800,800,800,800,800,800,800,800,800,800,800,800,800,800,800,800,0,0,0,0,0,0,0,0,0,0,0,0,0,809,809,809,809,809,809,809,809,809,809,809,809,809,809,809,809,809,809,809,809,809,809,809,0,0,0,0,0,0,0,0,0,0,0,0,0,0,806,806,806,806,806,806,806,806,806,806,806,806,806,806,806,806,806,806,806,806,806,806,806,806,806,806,0,0,0,0,0,0,0,0,0,0,0,0,0,796,796,796,796,796,796,796,796,796,796,796,0,0,0,0,0,798,798,798,798,798,798,798,798,0,0,0,0,0,789,789,789,789,789,789,789,789,789,800,800,800,800,806,0,0,0,802,802,802,802,802,802,0,0,0,805,805,805,0,0,0,804,804,804,804,804,825,0,0,0,0,0,0,810,0,0,0,0,0,0,0,818,818,0,815,815,815,815,859,859,859,859,0,0,899,899,0,0,916,916,916,916,916,916,916,916,916,916,916,916,916,0,0,0,0,0,901,901,901,901,901,901,901,901,901,901,901,901,901,0,0,965,965,965,965,965,965,965,965,965,965,965,0,0,0,0,0,0,967,967,967,967,967,967,967,967,0,1003,1003,1003,1003,0,0,1012,1012,1012,1012,0,0,877,877,877,877,877,877,0,0,0,0,0,811,811,811,811,811,811,811,0,0,0,0,734,734,734,734,734,734,0,0,0,0,0,0,0,0,682,682,682,0,0,0,0,0,0,654,654,654,654,0,712,712,712,722,721,721,721,721,721,721,721,721,0,0,819,819,819,819,819,819,819,819,819,819,819,819,0,900,900,900,900,0,972,972,972,972,972,972,972,972,972,0,0,0,0,869,869,869,869,869,869,869,869,869,0,0,0,0,0,0,873,873,873,873,873,873,873,873,873,0,0,0,0,0,0,956,956,956,956,941,941,941,941,0,0,697,730,757,757,757,920,920,920,920,920,920,0,0,0,0,0,1042,1042,1042,1042,1096,1096,1096,1108,1108,1108,1108,1108,1108,0,0,0,0,0,1265,1265,1265,1265,1265,1265,1265,1265,1265,1265,1265,0,0,0,0,0,0,1409,1409,1409,1421,1421,1421,1421,1421,0,0,1520,1520,1520,1520,1520,1520,1520,0,0,0,0,0,1573,1573,1573,0,1543,1543,1543,1543,1543,1543,1543,1543,1543,1543,1543,1543,1543,1543,1543,0,0,1581,1581,1581,1581,1581,1581,1581,1581,1581,0,0,0,0,1613,1613,1613,1613,1613,1613,1613,1613,1613,1613,1613,1603,1603,1603,1603,1603,1603,1603,1603,1603,1603,1603,0,0,0,1574,1574,1574,1574,1574,1574,0,1554,1554,1554,1554,1554,1554,1554,0,0,0,0,1406,1406,1406,1406,0,0,1261,1261,1261,1261,1261,1261,1261,0,0,0,1443,1443,1443,1443,1443,1443,1443,1443,1443,0,0,0,0,0,0,0,0,1078,1078,1078,1078,1078,1078,1078,1078,1078,1078,0,0,0,0,0,0,0,1328,1328,1328,1328,1328,1328,1328,0,0,0,1268,1268,1268,1268,1268,1268,1268,1268,1268,0,0,0,0,1104,1104,1104,1104,1104,1104,1104,1104,0,0,0,0,1270,1270,1270,1270,1270,1270,1270,1270,1270,1270,1270,1270,1117,1117,1117,1117,1117,1117,1117,1117,1117,1117,0,0,1282,1282,1282,1282,1282,1282,1282,1282,1282,0,0,0,0,0,0,1275,1275,1275,1275,1275,990,990,990,990,990,990,990,0,0,0,0,0,0,0,0,0,1036,0,1019,1019,1230,0,0,0,0,1183,1164,1164,1300,1300,1300,1300,1300,1300,1300,1300,846,0,0,0,0,0,0,0,0,0,0,0,0,0,0,1015,1015,998,998,998,998,998,998,0,0,0,0,0,0,0,0,704,704,704,704,704,704,704,704,704,704,704,0,0,1528,1528,1528,1060,0,1045,0,1551,1551,1551,1551,1551,0,782,782*2#2-0-1-4-3-5
Part2@Part1%2
Part2@Part1%READYTOSTART
Part1@Part2%READYTOSTART
Part2@Part1%1649,1649,1649,1649,1649,1649,1649,1649,1649,1649,1635,1635,1629,1629,1616,1604,1604,1589,1567,1549,1529,1529,1509,1509,1489,1470,1449,1430,1406,1382,1382,1357,1357,1329,1306,1306,1269,1238,1210,1210,1180,1150,1118,1087,1060,1028,1028,997,965,939,905,905,905,874,846,846,818,788,788,760,729,700,664,623,581,581,581,581,581*7#0-1-2-5-3-7
Part1@Part2%2
Part1@Part2%READYTOSTART
Part2@Part1%READYTOSTART
Part1@Part2%1498,1498,1498,1498,1516,1516,1534,1558,1558,1581,1581,1603,1603,1623,1635,1635,1635,1635,1635,1635,1635,0,0,0,0,0,0,0,0,0,0,0,0,0,0,0,0,0,0,0,0,0,0,1537,1537,1537,1561,1561,1580,1580,1599,1599,1613,1627,1627,1638,1647,1647,1647,1652,1656,1656,1656,1656,1656,1656,1656,1656,0,0,0,0,0,0,0,0,0,0,0,0,0,0,1514,1514,1514,1528,1528,1545,1545,1563,1580,1580,1595,1595,1610,1610,1621,1627,1627,1627,1627,1627,1627,1627,0,0,0,0,0,0,0,0,0,0,0,0,0,0,0,0,0,0,1527,1527,1543,1567,1567,1567,1591,1618,1618,1645,1645,1676,1703,1703,1723,1734,1734,1734,1734,1734,1734,1734,1734,0,0,0,0,0,0,0,0,0,0,0,1546,1546,1559,1574,1581,1581,1586,1586,1590,1590,1592,1592,1592,1594,1594,1596,1596,1596,1596,1596,1599,1601,1601,1601,1603,1605,1605,1607,1608,1608,1608,1608,1609,1609,1609,1609,1609,1609,1609,1609,1609,1609,1609,1609,1609,1609,1609,1609,1609,1609,1609,1609,1609,1609,1609,1609,1609,1609,1609,1609,1609,1609,1609,1609,1609,1609,1609,1609,1609,1609,1609,1609,1609,1609,1609,1609,1609,1609,1609,1609,1609,1609,1609,1609,1609,1609,1609,1609,1609,1609,1609,1609,1609,1609,1609,1609,1609,1609,1609,1609,1609,1609,1609,1609,1609,1609,1609,1609,1609,1609,1609,1609,1609,1609,1609,1609,1609,1609,1609,1609,1609,1609,1609,1609,1609,1609,1609,1609,1609,1609,1609,1609,1609,1609,1609,1609,1609,1609,1609,1609,1609,1609,1609,1609,1609,1609,1609,1609,1609,1609,1609,1609,1609,1609,1609,1609,1609,1609,1609,1609,1609,1609,1609,1609,1609,1609,1609,1609,1609,1609,1609,1609,1609,1609,1609,1609,1609,1609,1609,1609,1609,1609,1609,1609,1609,1609,1609,1609,1609,1609,1609,1609,1609,1609,1609,1609,1609,1609,1609,1609,1609,1609,1609,1609,1609,1609,1609,1609,1609,1609,1609,1609,1609,1609,1609,1609,1609,1609,1609,1609,1609,1609,1609,1609,1609,1609,1609,1609,1609,1609,1609,1609,1609,1609,1609,1609,1609,1609,1609,1609,1609,1609,1609,1609,1609,1609,1609,1609,1609,1609,1609,1609,1609,1609,1609,1609,1609,1609,1609,1609,1609,1609,1609,1609,1609,1609,1609,1609,1609,1609,1609,1609,1609,1609,1609,1609,1609,1609,1609,1609,1609,1609,1609,1609,1609,1609,1609,1609,1609,1609,1609,1609,1609,1609,1609,1609,1609,1609,1609,1609,1609,1609,1609,1609,1609,1609,1609,1609,1609,1609,1609,1609,1609,1609,1609,1609,1609,1609,1609,1609,1609,1609,1609,1609,1609,1609,1609,1609,1609,1609,1609,1609,1609,1609,1609,1609,1609,1609,1609,1609,1609,1609,1609,1609,1609,1609,1609,1609,1609,1609,1609,1609,1609,1609,1609,1609,1609,1609,1609,1609,1609,1609,1609,1609,1609,1609,1609,1609,1609,1609,1609,1609,1609,1609,1609,1609,1609,1609,1609,1609,1609,1609,1609,1609,1609,1609,1609,1609,1609,1609,1609,1609,1609,1609,1609,1609,1609,1609,1609,1609,1609,1609,1609,1609,1609,1608,1608,1607,1603,1603,1599,1599,1595,1595,1591,1565,1565,1550,1550,1538,1538,1529,1524,1524,1520,1520,1518,1516,1516,1515,1515,1515,1515,1515,1515,1515,1515,1515,1515,1515,1515,1515,1515,1515,1515,1515,1515,1515,1515,1515,1515,1515,1515,1515,1515,1515,1515,1515,1515,1515,1515,1515,1515,1515,1515,1515,1515,1515,1515,1515,1515,1515,1515,1515,1515,1515,1515,1515,1515,1515,1515,1515,1515,1515,1515,1515,1515,1515,1515,1515,1515,1515,1515,1515,1515,1515,1515,1515,1515,1515,1515,1515,1515,1515,1515,1515,1515,1515,1515,1515,1515,1515,1514,1514,1514,1514,1514,1511,1511,1510,1509,1509,1507,1507,1502,1502,1502,1502,1501,1500,1500,1498,1498,1497,1494,1494,1494,1494,1494,1494,1494,1494,1494,1494,1494,1494,1494,1494,1494,1494,1494,1494,1494,1494,1494,1494,1494,1494,1494,1494,1494,1493,1493,1493,1493,1493,1493,1493,1493,1493,1493,1493,1493,1496,1496,1497,1498,1498,1498,1500,1500,1500,1501,1502,1502,1503,1503,1505,1505,1509,1509,1511,1511,1513,1513,1515,1515,1518,1523,1523,1531,1541,1541,1552,1552,1560,1560,1565,1565,1568,1568,1568,1568,1568,1568,1568,1568,1568,1568,1568,1568,1568,1568,1568,1568,1568,1568,1568,1568,1568,1568,1568,1568,1568,1568,1568,1567,1567,1567,1567,1567,1567,1565,1565,1564,1564,1563,1563,1561,1560,1560,1560,1560,1559,1559,1559,1559,1559,1558,1558,1558,1558,1558,1558,1558,1558,1556,1556,1555,1555,1555,1554,1554,1552,1552,1552,1552,1552,1550,1550,1550,1550,1550,1549,1549,1549,1549,1549,1547,1547,1547,1547,1547,1546,1546,1545,1545,1545,1545,1545,1545,1545,1545,1545,1545,1543,1543,1543,1543,1543,1543,1543,1543,1543,1543,1543,1543,1543,1543,1543,1543,0,0,0,0,0,0,0,1648,1648,1648,1648,1648,1647,1647,1647,1647,1647,1647,0,0,0,0,0,0,1515,1515,1515,1515,1515,1515,1515,1515,1515,1515,1515,1515,0,0,0,1690,1690,1690,1690,1690,1690,1690,1678,1676,1675,1675,1522,0,0,0,0,0,0,0,0,0,0,1658,1658,1658,1658,1658,1658,1658,1658,1658,1658,1523,1523,1523,1523,1523,1523,1523,1523,1523,1523,1523,1523,1717,1717,1717,1717,1717,1717,1717,1627,1627,1592,1586,1586,1585,1585,1583,1581,1581,1581,1581,1581,1581,0,0,0,0,0,0,0,1540,1540,1543,1543,1543,1629,1629,1552,0,1550,1550,1550,1550,1659,0,0,0,0,0,1498,1531,1528,1524,1524,1667,0,0,1577,0,0,0,0,0,0,0,0,0,1687,0,1582,1573,1569,1569,1684,0,1631,1614,1605,1645,1659,1661,1663,1663,1663,1663,1663,1663,1663,1663,1663,1663,1663,1663,0,0,0,0,1632,1632,1632,1632,1632,1632,1632,1632,1632,1632,1632,1632,1632,0,0,0,1663,1663,1663,1663,1663,1663,1663,1663,1663,1663,1663,0,0,1587,1587,1587,1587,1587,1587,1587,1587,1587,0,1596,1596,1596,1596,1596,1596,1596,1596,1596,1596,0,0,0,1626,1626,1626,1626*5#6-0-2-4-5-3
Part2@Part1%0
Part2@Part1%READYTOSTART
Part1@Part2%READYTOSTART
Part2@Part1%1559,1559,1559,1559,1559,1559,1559,1559,1559,1559,1559,1559,1559,1559,1559,1559,1559,1559,1559,1559,1559,1559,1559,1559,1559,1559,1559,1559,1559,1559,1559,1559,1559,1559,1559,1559,1559,1559,1559,1559,1559,1559,1559,1559,1559,1559,1559,1559,1559,1559,1559,1559,1559,1559,1559,1559,1559,1559,1559,1559,1559,1559,1559,1559,1559,1559,1559,1559,1559,1559,1559,1559,1559,1559,1559,1559,1559,1559,1559,1559,1559,1559,1559,1559,1559,1559,1559,1559,1559,1559,1559,1559,1559,1559,1559,1559,1559,1559,1559,1559,1559,1559,1559,1559,1559,1559,1559,1559,1559,1559,1559,1559,1559,1559,1559,1559,1559,1559,1559,1559,1559,1559,1559,1559,1559,1559,1559,1559,1559,1559,1559,1559,1559,1559,1559,1559,1559,1559,1559,1559,1559,1559,1559,1559,1559,1559,1559,1559,1559,1559,1559,1559,1559,1559,1559,1559,1559,1559,1559,1559,1559,1559,1559,1559,1559,1559,1559,1559,1559,1559,1559,1559,1559,1559,1559,1559,1559,1559,1559,1559,1559,1559,1559,1559,1559,1559,1559,1559,1559,1559,1559,1559,1559,1559,1559,1559,1559,1559,1559,1559,1559,1559,1559,1559,1559,1559,1559,1559,1559,1559,1559,1559,1559,1559,1559,1559,1559,1559,1559,1559,1559,1559,1559,1559,1559,1559,1559,1559,1559,1559,1559,1559,1559,1559,1559,1559,1559,1559,1559,1559,1559,1559,742,742,742,742,742,742,742,742,742,742,742,742,742,742,742,742,742,742,742,742,742,742,742,742,742,742,742,742,742,742,742,742,742,742,742,742,742,742,742,742,742,742,742,742,742,742,742,742,742,742,742,742,742,742,742,742,742,742,742,742,742,742,742,742,742,742,742,742,742,742,742,742,742,742,742,742,742,742,742,742,742,742,742,742,742,742,742,742,742,742,742,742,742,742,742,742,742,742,742,742,742,742,742,742,742,742,742,742,742,742,742,742,742,742,742,742,742,742,742*3#7-0-6-1-2-3
Part1@Part2%6
Part1@Part2%READYTOSTART
Part2@Part1%READYTOSTART
Part1@Part2%1264,1264,1264,1264,1264,1264,1264,1264,1264,1264,1264,1264,1264,1264,1264,1264,1264,1264,1264,1264,1264,1264,1264,1264,1264,1264,1264,1283,1283,1295,1306,1306,1315,1315,1324,1331,1331,1335,1338,1338,1341,1342,1344,1344,1345,1345,1346,1346,1349,1349,1349,1349,1349,1349,1349,1349,1349,1349,1349,1349,1349,1349,1349,1349,1349,1349,1349,1349,1346,1346,1346,1345,1345,1345,1345,1345,1345,1345,1345,1345,1345,1345,1345,1345,1345,1345,1345,1345,1345,1345,1345,1345,1344,1344,1344,1344,1344,1344,1344,1344,1344,1344,1344,1344,1344,1344,1344,1344,1344,1344,1344,1344,1344,1344,1344,1358,1381,1381,1314,1314,1297,1293,1293,1291,1291,1289,1289,1288,1287,1287,1283,1283,1277,1270,1270,1265,1265,1265,1265,1395,0,0,0,0,0,0,0,0,0,1355,1355,1341,1341,1324,1324,1288,1286,1286,1283,1283,1283,1282,1282,1280,1280,1280,1280,1280,1280,1398,1406,1406,1411,1411,1413,1415,1415,1415,1415,1415,1378,1378,1368,1368,1360,1353,1353,1346,1346,1313,1313,1311,1310,1310,1308,1308,1306,1305,1305,1305,1305,1305,1305,1305,1305,1305,0,0,0,0,0,0,0,0,0,0,0,0,0,1369,1306,1311,1306,1305,1305,1305,1305,1305,1302,1302,1302,1302,1302,1302,1431,1431,1431,0,0,0,0,0,0,0,0,0,1309,0,0,0,0,0,0,0,0,0,0,0,0,0,1415,1415,0,0,0,0,0,0,0,0,0,0,0,0,0,0,0,0,0,0,0,0,0,0,0,0,0,1304,1304,1304,1304,1304,1304,1304,1304,1304,1304,1304,1304,1304,1304,1304,1304,0,1310,1310,1310,1310,1310,1310,1310,1310,1310,1317,1317,1317,1317,1317,1317,1317,1317,1317,1317,1317,1317,1317,1317,1317,1320,0,0,0,0,0,0,0,0,1323,1323,1323,1323,1323,1323,1323,1323,1323,1323,0,0,0,0,0,1318,1318,1318,1318,1318,1318,1318,1318,1318,1318,1318,1318,1318,0,1338,1338,1338,1338,1338,1322,1315,1315,1315,1315,1315,1315,1315,0,1304,1304,1304,1304,1304,1304,1304,1304,1304,1304,1304,1304,1304,1304,1304,1304,1301,1301,1301,1301,1301,1301,1301,1301,1301,1301,1301,1301,1301,1301,1301,1301,1301,1301,1301,1301,1301,1301,1301,1301,1301,1301,1301,1301,1301,1301,1301,1301,1301,1301,1301,1301,1301,1301,1301,1301,1301,1301,1301,1301,1301,1301,1301,1301,1301,1301,1301,1301,1301,1301,1301,1301,1301,1301,1301,1301,1301,1301,1301,1301,1301,1301,1301,1301,1301,1301,1301,1301,1301,1301,1301,1301,1301,1301,1301,1301,1301,1301,1301,1301,1301,1301,1301,1301,1342,1364,1364,1389,1389,1396,1399,1399,1402,1402,1402,1403,1403,1412,1412,1412,1412,1412,1412,0,0,0,0,0,0,0,0,1478,1478,1478,1478,1478,1478,1478,1478,1478,1478,1478,1478,1478,1478,1478,1478,1478,1478,1478,1478,1478,1478,0,1487,1487,1487,1487,1503,0,0,0,0,0,0,0,0,0,0,0,0,0,1491,1491,1491,1491,1491,1491,1491,1491,1491,1491,1491,1491,1491,1491,1491,1471,0,0,0,0,0,0,0,0,0,0,0,0,0,0,0,0,0,0,1483,1483,1483,1483,1483,1483,1483,1483,1483,1483,1483,0,0,0,0,0,1163,1163,1163,1163,1163,1163,1163,1163,1163,1163,1163,1163,1163,1171,1171,1171,1171,1171,1171,1171,1124,1124,1124,1124,1124,1124,1124,0,0,0,1101,1101,1101,1101,1101,1101,1101,1101,1101,1101,1101,1101,1101,1101,0,1091,1091,1091,1091,1091,1091,1091,0,0,0,1025,1025,1025,1025,1025,1025,1025,1025,1025,1025,0,0,0,0,0,0,0,1056,1056,1056,1056,0,0,1103,1103,1103,1103,1103,1103,1103,1103,1103,1103,1103,1103,0,0,0,0,0,0,877,877,877,877,877,877,877,877,877,0,0,0,686,686,686,686,686,686,686,686,0,0,0,543,543,543,543,543,543,0,0,0,0,0,0,658,658,658,658,658,658,0,0,0,0,702,699,699,699,0,0,0,0,0,0,0,0,0,0,0,0,0,0,1037,1037,1037,1037,1037,1037,1037,1027,1027,1027,1027,1027,1027,1027,1027,0,0,0,0,0,0,0,0,818,818,818,818,818,818,818,818,818,0,0,0,0,0,983,983,980,980,980,980,980,980,980,1014,0,0,0,0,0,0,0,0,0,0,0,0,1002,1002,1002,1002,1002,1002,0,0,0,0,0,975,975,975,0,0,0,0,0,0,0,0,999,999,999,999,999,999,999,0,0,1021,1021,1021,1021,1021,1021,1021,1021,1021,1021,1021,0,0,1020,1020,1020,1020,1020,0,0,0,0,0,1024,1024,1024,1024,1024,1024,0,1036,1036,1036,1036,1036,1036,1036,0,0,0,0,0,1066,1066,1066,1066,1066,1066*0#0-2-1-4-3-5
Part2@Part1%4
Part2@Part1%READYTOSTART
Part1@Part2%READYTOSTART
